date,week,month,year,project,username,atype,vtype,assettype,reviewtype,pkgtype,scene,shot,eftype,state,count,bytes,size,intreviewed,dirreviewed
2019-07-17,2019-07-15,2019-07-01,2019,project10,4d4b5bdea66fdad2b1580e3314813801,Asset,Master,global,,,,,,,1,39216279.0,37 MB,,
2019-07-17,2019-07-15,2019-07-01,2019,project10,b449408b9323486663a8b93631c42346,Asset,Master,shot,,,zph002,zph002_300,,,6,2142239.0,2092 kB,,
2019-07-17,2019-07-15,2019-07-01,2019,project10,b449408b9323486663a8b93631c42346,Asset,Master,shot,,,zph002,zph002_300,,,6,11499483.0,11 MB,,
2019-07-17,2019-07-15,2019-07-01,2019,project10,b0b8fb43f023561959333220b41bd7e8,Asset,Master,global,,,,,,,1,125.0,125 bytes,,
2019-07-17,2019-07-15,2019-07-01,2019,project10,b0b8fb43f023561959333220b41bd7e8,Asset,Master,global,,,,,,,1,93403006.0,89 MB,,
2019-07-17,2019-07-15,2019-07-01,2019,project10,b0b8fb43f023561959333220b41bd7e8,Asset,Master,shot,fx,,zph002,zph002_300,,,1,760837711.0,726 MB,,
2019-07-17,2019-07-15,2019-07-01,2019,project10,b0b8fb43f023561959333220b41bd7e8,Asset,Master,shot,,,zfx01,zfx01_training02,,,3,2713645.0,2650 kB,,
2019-07-17,2019-07-15,2019-07-01,2019,project10,b0b8fb43f023561959333220b41bd7e8,Asset,Master,shot,,,zfx01,zfx01_training02,,,3,24241549.0,23 MB,,
2019-07-17,2019-07-15,2019-07-01,2019,project10,b0b8fb43f023561959333220b41bd7e8,Asset,Master,shot,,,zph002,zph002_100,,,3,1204425.0,1176 kB,,
2019-07-17,2019-07-15,2019-07-01,2019,project10,b0b8fb43f023561959333220b41bd7e8,Asset,Master,shot,,,zph002,zph002_100,,,3,5823900.0,5687 kB,,
2019-07-17,2019-07-15,2019-07-01,2019,project10,b0b8fb43f023561959333220b41bd7e8,Asset,Master,shot,,,zph002,zph002_300,,,1,876.0,876 bytes,,
2019-07-17,2019-07-15,2019-07-01,2019,project10,b0b8fb43f023561959333220b41bd7e8,Asset,Master,shot,,,zph002,zph002_300,,,1,362.0,362 bytes,,
2019-07-17,2019-07-15,2019-07-01,2019,project10,b0b8fb43f023561959333220b41bd7e8,Asset,Master,shot,,,zph002,zph002_300,,,1,127412.0,124 kB,,
2019-07-17,2019-07-15,2019-07-01,2019,project10,b0b8fb43f023561959333220b41bd7e8,Asset,Master,shot,,,zph002,zph002_300,,,1,309984.0,303 kB,,
2019-07-17,2019-07-15,2019-07-01,2019,project10,b0b8fb43f023561959333220b41bd7e8,Asset,Master,shot,,,zph002,zph002_300,,,3,929861.0,908 kB,,
2019-07-17,2019-07-15,2019-07-01,2019,project10,b0b8fb43f023561959333220b41bd7e8,Asset,Master,shot,,,zph002,zph002_300,,,3,2529219.0,2470 kB,,
2019-07-17,2019-07-15,2019-07-01,2019,project10,5930d2f67d427c68c1e248e3f2bf76e0,Asset,Master,shot,anim,,zax01,zax01_coryr04,,,3,442020004.0,422 MB,,
2019-07-17,2019-07-15,2019-07-01,2019,project10,5930d2f67d427c68c1e248e3f2bf76e0,Asset,Master,shot,animbald,,zax01,zax01_coryr04,,,1,137392551.0,131 MB,,
2019-07-17,2019-07-15,2019-07-01,2019,project10,5930d2f67d427c68c1e248e3f2bf76e0,Asset,Master,shot,,,zax01,zax01_coryr04,,,1,18401.0,18 kB,,
2019-07-17,2019-07-15,2019-07-01,2019,project10,5930d2f67d427c68c1e248e3f2bf76e0,Asset,Master,shot,,,zax01,zax01_coryr04,,,1,306.0,306 bytes,,
2019-07-17,2019-07-15,2019-07-01,2019,project10,5930d2f67d427c68c1e248e3f2bf76e0,Asset,Master,shot,,,zax01,zax01_coryr04,,,1,574.0,574 bytes,,
2019-07-17,2019-07-15,2019-07-01,2019,project10,5930d2f67d427c68c1e248e3f2bf76e0,Asset,Master,shot,,,zax01,zax01_coryr04,,,1,38421.0,38 kB,,
2019-07-17,2019-07-15,2019-07-01,2019,project10,5930d2f67d427c68c1e248e3f2bf76e0,Asset,Master,shot,,,zax01,zax01_coryr04,,,1,1001.0,1001 bytes,,
2019-07-17,2019-07-15,2019-07-01,2019,project10,5930d2f67d427c68c1e248e3f2bf76e0,Asset,Master,shot,,,zax01,zax01_coryr04,,,1,34568376.0,33 MB,,
2019-07-17,2019-07-15,2019-07-01,2019,project10,5930d2f67d427c68c1e248e3f2bf76e0,Asset,Master,shot,,,zax01,zax01_coryr04,,,1,34587238.0,33 MB,,
2019-07-17,2019-07-15,2019-07-01,2019,project10,5930d2f67d427c68c1e248e3f2bf76e0,Asset,Master,shot,,,zax01,zax01_coryr04,,,1,346.0,346 bytes,,
2019-07-17,2019-07-15,2019-07-01,2019,project10,5930d2f67d427c68c1e248e3f2bf76e0,Asset,Master,shot,,,zax01,zax01_coryr04,,,1,79862.0,78 kB,,
2019-07-17,2019-07-15,2019-07-01,2019,project10,5930d2f67d427c68c1e248e3f2bf76e0,Asset,Master,shot,,,zax01,zax01_coryr04,,,1,346.0,346 bytes,,
2019-07-17,2019-07-15,2019-07-01,2019,project10,5930d2f67d427c68c1e248e3f2bf76e0,Asset,Master,shot,,,zax01,zax01_coryr04,,,1,1930850.0,1886 kB,,
2019-07-17,2019-07-15,2019-07-01,2019,project10,ebc4c10102e48953557e11bc7ecb1afa,Asset,Master,global,,,,,,,1,13038080.0,12 MB,,
2019-07-17,2019-07-15,2019-07-01,2019,project10,ebc4c10102e48953557e11bc7ecb1afa,Asset,Master,global,,,,,,,1,18426785.0,18 MB,,
2019-07-17,2019-07-15,2019-07-01,2019,project10,6c602733f386c9115b342ac71103c75f,Asset,Master,global,,,,,,,1,676.0,676 bytes,,
2019-07-17,2019-07-15,2019-07-01,2019,project10,6c602733f386c9115b342ac71103c75f,Asset,Master,global,,,,,,,1,607.0,607 bytes,,
2019-07-17,2019-07-15,2019-07-01,2019,project10,6c602733f386c9115b342ac71103c75f,Asset,Master,global,,,,,,,1,48482482.0,46 MB,,
2019-07-17,2019-07-15,2019-07-01,2019,project10,8b41bf9da8e30b961eb3d7bf7e7855aa,Asset,Master,shot,,,zcx01,zcx01_testbed02,,,2,721877.0,705 kB,,
2019-07-17,2019-07-15,2019-07-01,2019,project10,8b41bf9da8e30b961eb3d7bf7e7855aa,Asset,Master,shot,,,zcx01,zcx01_testbed02,,,12,4335404.0,4234 kB,,
2019-07-17,2019-07-15,2019-07-01,2019,project10,8b41bf9da8e30b961eb3d7bf7e7855aa,Asset,Master,shot,,,zcx01,zcx01_testbed02,,,12,17893813.0,17 MB,,
2019-07-17,2019-07-15,2019-07-01,2019,project10,030423a92709009426dfb1d87b98d583,Asset,Master,shot,anim,,zax01,zax01_izabelab02,,,3,562418573.0,536 MB,,
2019-07-17,2019-07-15,2019-07-01,2019,project10,030423a92709009426dfb1d87b98d583,Asset,Master,shot,animbald,,zax01,zax01_izabelab02,,,1,146801294.0,140 MB,,
2019-07-17,2019-07-15,2019-07-01,2019,project10,030423a92709009426dfb1d87b98d583,Asset,Master,shot,animcapture,,zax01,zax01_izabelab02,,,1,7601389.0,7423 kB,,
2019-07-17,2019-07-15,2019-07-01,2019,project10,030423a92709009426dfb1d87b98d583,Asset,Master,shot,,,zax01,zax01_izabelab02,,,1,4440.0,4440 bytes,,
2019-07-17,2019-07-15,2019-07-01,2019,project10,030423a92709009426dfb1d87b98d583,Asset,Master,shot,,,zax01,zax01_izabelab02,,,1,312.0,312 bytes,,
2019-07-17,2019-07-15,2019-07-01,2019,project10,030423a92709009426dfb1d87b98d583,Asset,Master,shot,,,zax01,zax01_izabelab02,,,1,577.0,577 bytes,,
2019-07-17,2019-07-15,2019-07-01,2019,project10,030423a92709009426dfb1d87b98d583,Asset,Master,shot,,,zax01,zax01_izabelab02,,,1,30413.0,30 kB,,
2019-07-17,2019-07-15,2019-07-01,2019,project10,030423a92709009426dfb1d87b98d583,Asset,Master,shot,,,zax01,zax01_izabelab02,,,1,1007.0,1007 bytes,,
2019-07-17,2019-07-15,2019-07-01,2019,project10,030423a92709009426dfb1d87b98d583,Asset,Master,shot,,,zax01,zax01_izabelab02,,,1,47948351.0,46 MB,,
2019-07-17,2019-07-15,2019-07-01,2019,project10,030423a92709009426dfb1d87b98d583,Asset,Master,shot,,,zax01,zax01_izabelab02,,,1,47975234.0,46 MB,,
2019-07-17,2019-07-15,2019-07-01,2019,project10,030423a92709009426dfb1d87b98d583,Asset,Master,shot,,,zax01,zax01_izabelab02,,,1,349.0,349 bytes,,
2019-07-17,2019-07-15,2019-07-01,2019,project10,030423a92709009426dfb1d87b98d583,Asset,Master,shot,,,zax01,zax01_izabelab02,,,1,7402.0,7402 bytes,,
2019-07-17,2019-07-15,2019-07-01,2019,project10,030423a92709009426dfb1d87b98d583,Asset,Master,shot,,,zax01,zax01_izabelab02,,,1,349.0,349 bytes,,
2019-07-17,2019-07-15,2019-07-01,2019,project10,030423a92709009426dfb1d87b98d583,Asset,Master,shot,,,zax01,zax01_izabelab02,,,1,1108430.0,1082 kB,,
2019-07-17,2019-07-15,2019-07-01,2019,project10,0251f87bcdcd6cb5e975e7807c6e0d1e,Asset,Master,shot,anim,,zax01,zax01_jackyw03,,,8,315490812.0,301 MB,,
2019-07-17,2019-07-15,2019-07-01,2019,project10,0251f87bcdcd6cb5e975e7807c6e0d1e,Asset,Master,shot,,,zax01,zax01_jackyw03,,,2,5930.0,5930 bytes,,
2019-07-17,2019-07-15,2019-07-01,2019,project10,0251f87bcdcd6cb5e975e7807c6e0d1e,Asset,Master,shot,,,zax01,zax01_jackyw03,,,1,308.0,308 bytes,,
2019-07-17,2019-07-15,2019-07-01,2019,project10,0251f87bcdcd6cb5e975e7807c6e0d1e,Asset,Master,shot,,,zax01,zax01_jackyw03,,,1,1611.0,1611 bytes,,
2019-07-17,2019-07-15,2019-07-01,2019,project10,0251f87bcdcd6cb5e975e7807c6e0d1e,Asset,Master,shot,,,zax01,zax01_jackyw03,,,1,2777.0,2777 bytes,,
2019-07-17,2019-07-15,2019-07-01,2019,project10,0251f87bcdcd6cb5e975e7807c6e0d1e,Asset,Master,shot,,,zax01,zax01_jackyw03,,,1,33264.0,32 kB,,
2019-07-17,2019-07-15,2019-07-01,2019,project10,0251f87bcdcd6cb5e975e7807c6e0d1e,Asset,Master,shot,,,zax01,zax01_jackyw03,,,1,1527.0,1527 bytes,,
2019-07-17,2019-07-15,2019-07-01,2019,project10,0251f87bcdcd6cb5e975e7807c6e0d1e,Asset,Master,shot,,,zax01,zax01_jackyw03,,,4,14911.0,15 kB,,
2019-07-17,2019-07-15,2019-07-01,2019,project10,0251f87bcdcd6cb5e975e7807c6e0d1e,Asset,Master,shot,,,zax01,zax01_jackyw03,,,1,350.0,350 bytes,,
2019-07-17,2019-07-15,2019-07-01,2019,project10,0251f87bcdcd6cb5e975e7807c6e0d1e,Asset,Master,shot,,,zax01,zax01_jackyw03,,,1,360.0,360 bytes,,
2019-07-17,2019-07-15,2019-07-01,2019,project10,0251f87bcdcd6cb5e975e7807c6e0d1e,Asset,Master,shot,,,zax01,zax01_jackyw03,,,1,5489.0,5489 bytes,,
2019-07-17,2019-07-15,2019-07-01,2019,project10,0251f87bcdcd6cb5e975e7807c6e0d1e,Asset,Master,shot,,,zax01,zax01_jackyw03,,,1,352.0,352 bytes,,
2019-07-17,2019-07-15,2019-07-01,2019,project10,0251f87bcdcd6cb5e975e7807c6e0d1e,Asset,Master,shot,,,zax01,zax01_jackyw03,,,1,5489.0,5489 bytes,,
2019-07-17,2019-07-15,2019-07-01,2019,project10,0251f87bcdcd6cb5e975e7807c6e0d1e,Asset,Master,shot,,,zax01,zax01_jackyw03,,,1,1375.0,1375 bytes,,
2019-07-17,2019-07-15,2019-07-01,2019,project10,0251f87bcdcd6cb5e975e7807c6e0d1e,Asset,Master,shot,,,zax01,zax01_jackyw03,,,1,575.0,575 bytes,,
2019-07-17,2019-07-15,2019-07-01,2019,project10,0251f87bcdcd6cb5e975e7807c6e0d1e,Asset,Master,shot,,,zax01,zax01_jackyw03,,,1,11861.0,12 kB,,
2019-07-17,2019-07-15,2019-07-01,2019,project10,0251f87bcdcd6cb5e975e7807c6e0d1e,Asset,Master,shot,,,zax01,zax01_jackyw03,,,1,323.0,323 bytes,,
2019-07-17,2019-07-15,2019-07-01,2019,project10,0251f87bcdcd6cb5e975e7807c6e0d1e,Asset,Master,shot,,,zax01,zax01_jackyw03,,,2,2006.0,2006 bytes,,
2019-07-17,2019-07-15,2019-07-01,2019,project10,0251f87bcdcd6cb5e975e7807c6e0d1e,Asset,Master,shot,,,zax01,zax01_jackyw03,,,1,28858775.0,28 MB,,
2019-07-17,2019-07-15,2019-07-01,2019,project10,0251f87bcdcd6cb5e975e7807c6e0d1e,Asset,Master,shot,,,zax01,zax01_jackyw03,,,2,57728666.0,55 MB,,
2019-07-17,2019-07-15,2019-07-01,2019,project10,0251f87bcdcd6cb5e975e7807c6e0d1e,Asset,Master,shot,,,zax01,zax01_jackyw03,,,1,496.0,496 bytes,,
2019-07-17,2019-07-15,2019-07-01,2019,project10,0251f87bcdcd6cb5e975e7807c6e0d1e,Asset,Master,shot,,,zax01,zax01_jackyw03,,,1,347.0,347 bytes,,
2019-07-17,2019-07-15,2019-07-01,2019,project10,0251f87bcdcd6cb5e975e7807c6e0d1e,Asset,Master,shot,,,zax01,zax01_jackyw03,,,1,14560.0,14 kB,,
2019-07-17,2019-07-15,2019-07-01,2019,project10,0251f87bcdcd6cb5e975e7807c6e0d1e,Asset,Master,shot,,,zax01,zax01_jackyw03,,,1,347.0,347 bytes,,
2019-07-17,2019-07-15,2019-07-01,2019,project10,0251f87bcdcd6cb5e975e7807c6e0d1e,Asset,Master,shot,,,zax01,zax01_jackyw03,,,1,631644.0,617 kB,,
2019-07-17,2019-07-15,2019-07-01,2019,project10,0251f87bcdcd6cb5e975e7807c6e0d1e,Asset,Master,shot,,,zax01,zax01_jackyw03,,,1,155.0,155 bytes,,
2019-07-17,2019-07-15,2019-07-01,2019,project10,0251f87bcdcd6cb5e975e7807c6e0d1e,Asset,Master,shot,,,zax01,zax01_jackyw03,,,1,155.0,155 bytes,,
2019-07-17,2019-07-15,2019-07-01,2019,project10,572e2146944996149796af41c3d4be62,Asset,Master,global,,,,,,,1,15267582.0,15 MB,,
2019-07-17,2019-07-15,2019-07-01,2019,project10,572e2146944996149796af41c3d4be62,Asset,Master,shot,layout,,zax01,zax01_jamesp03,,,1,359109569.0,342 MB,,
2019-07-17,2019-07-15,2019-07-01,2019,project10,572e2146944996149796af41c3d4be62,Asset,Master,shot,layoutcapture,,zax01,zax01_jamesp03,,,1,14424663.0,14 MB,,
2019-07-17,2019-07-15,2019-07-01,2019,project10,572e2146944996149796af41c3d4be62,Asset,Master,shot,,,zax01,zax01_jamesp02,,,1,2299.0,2299 bytes,,
2019-07-17,2019-07-15,2019-07-01,2019,project10,572e2146944996149796af41c3d4be62,Asset,Master,shot,,,zax01,zax01_jamesp02,,,1,469.0,469 bytes,,
2019-07-17,2019-07-15,2019-07-01,2019,project10,572e2146944996149796af41c3d4be62,Asset,Master,shot,,,zax01,zax01_jamesp02,,,1,401.0,401 bytes,,
2019-07-17,2019-07-15,2019-07-01,2019,project10,572e2146944996149796af41c3d4be62,Asset,Master,shot,,,zax01,zax01_jamesp02,,,1,185.0,185 bytes,,
2019-07-17,2019-07-15,2019-07-01,2019,project10,572e2146944996149796af41c3d4be62,Asset,Master,shot,,,zax01,zax01_jamesp03,,,2,4598.0,4598 bytes,,
2019-07-17,2019-07-15,2019-07-01,2019,project10,572e2146944996149796af41c3d4be62,Asset,Master,shot,,,zax01,zax01_jamesp03,,,1,2721.0,2721 bytes,,
2019-07-17,2019-07-15,2019-07-01,2019,project10,572e2146944996149796af41c3d4be62,Asset,Master,shot,,,zax01,zax01_jamesp03,,,1,5790.0,5790 bytes,,
2019-07-17,2019-07-15,2019-07-01,2019,project10,572e2146944996149796af41c3d4be62,Asset,Master,shot,,,zax01,zax01_jamesp03,,,2,130356.0,127 kB,,
2019-07-17,2019-07-15,2019-07-01,2019,project10,572e2146944996149796af41c3d4be62,Asset,Master,shot,,,zax01,zax01_jamesp03,,,1,1527.0,1527 bytes,,
2019-07-17,2019-07-15,2019-07-01,2019,project10,572e2146944996149796af41c3d4be62,Asset,Master,shot,,,zax01,zax01_jamesp03,,,1,350.0,350 bytes,,
2019-07-17,2019-07-15,2019-07-01,2019,project10,572e2146944996149796af41c3d4be62,Asset,Master,shot,,,zax01,zax01_jamesp03,,,1,129.0,129 bytes,,
2019-07-17,2019-07-15,2019-07-01,2019,project10,572e2146944996149796af41c3d4be62,Asset,Master,shot,,,zax01,zax01_jamesp03,,,1,352.0,352 bytes,,
2019-07-17,2019-07-15,2019-07-01,2019,project10,572e2146944996149796af41c3d4be62,Asset,Master,shot,,,zax01,zax01_jamesp03,,,1,225.0,225 bytes,,
2019-07-17,2019-07-15,2019-07-01,2019,project10,572e2146944996149796af41c3d4be62,Asset,Master,shot,,,zax01,zax01_jamesp03,,,1,228.0,228 bytes,,
2019-07-17,2019-07-15,2019-07-01,2019,project10,572e2146944996149796af41c3d4be62,Asset,Master,shot,,,zax01,zax01_jamesp03,,,1,227.0,227 bytes,,
2019-07-17,2019-07-15,2019-07-01,2019,project10,572e2146944996149796af41c3d4be62,Asset,Master,shot,,,zax01,zax01_jamesp03,,,1,225.0,225 bytes,,
2019-07-17,2019-07-15,2019-07-01,2019,project10,572e2146944996149796af41c3d4be62,Asset,Master,shot,,,zax01,zax01_jamesp03,,,1,2059.0,2059 bytes,,
2019-07-17,2019-07-15,2019-07-01,2019,project10,572e2146944996149796af41c3d4be62,Asset,Master,shot,,,zax01,zax01_jamesp03,,,1,571.0,571 bytes,,
2019-07-17,2019-07-15,2019-07-01,2019,project10,572e2146944996149796af41c3d4be62,Asset,Master,shot,,,zax01,zax01_jamesp03,,,1,24172.0,24 kB,,
2019-07-17,2019-07-15,2019-07-01,2019,project10,572e2146944996149796af41c3d4be62,Asset,Master,shot,,,zax01,zax01_jamesp03,,,1,241.0,241 bytes,,
2019-07-17,2019-07-15,2019-07-01,2019,project10,572e2146944996149796af41c3d4be62,Asset,Master,shot,,,zax01,zax01_jamesp03,,,1,239.0,239 bytes,,
2019-07-17,2019-07-15,2019-07-01,2019,project10,572e2146944996149796af41c3d4be62,Asset,Master,shot,,,zax01,zax01_jamesp03,,,1,243.0,243 bytes,,
2019-07-17,2019-07-15,2019-07-01,2019,project10,572e2146944996149796af41c3d4be62,Asset,Master,shot,,,zax01,zax01_jamesp03,,,1,243.0,243 bytes,,
2019-07-17,2019-07-15,2019-07-01,2019,project10,572e2146944996149796af41c3d4be62,Asset,Master,shot,,,zax01,zax01_jamesp03,,,1,245.0,245 bytes,,
2019-07-17,2019-07-15,2019-07-01,2019,project10,572e2146944996149796af41c3d4be62,Asset,Master,shot,,,zax01,zax01_jamesp03,,,1,250.0,250 bytes,,
2019-07-17,2019-07-15,2019-07-01,2019,project10,572e2146944996149796af41c3d4be62,Asset,Master,shot,,,zax01,zax01_jamesp03,,,1,241.0,241 bytes,,
2019-07-17,2019-07-15,2019-07-01,2019,project10,572e2146944996149796af41c3d4be62,Asset,Master,shot,,,zax01,zax01_jamesp03,,,1,245.0,245 bytes,,
2019-07-17,2019-07-15,2019-07-01,2019,project10,572e2146944996149796af41c3d4be62,Asset,Master,shot,,,zax01,zax01_jamesp03,,,1,469.0,469 bytes,,
2019-07-17,2019-07-15,2019-07-01,2019,project10,572e2146944996149796af41c3d4be62,Asset,Master,shot,,,zax01,zax01_jamesp03,,,1,1065.0,1065 bytes,,
2019-07-17,2019-07-15,2019-07-01,2019,project10,572e2146944996149796af41c3d4be62,Asset,Master,shot,,,zax01,zax01_jamesp03,,,1,749.0,749 bytes,,
2019-07-17,2019-07-15,2019-07-01,2019,project10,572e2146944996149796af41c3d4be62,Asset,Master,shot,,,zax01,zax01_jamesp03,,,1,116764929.0,111 MB,,
2019-07-17,2019-07-15,2019-07-01,2019,project10,572e2146944996149796af41c3d4be62,Asset,Master,shot,,,zax01,zax01_jamesp03,,,1,749.0,749 bytes,,
2019-07-17,2019-07-15,2019-07-01,2019,project10,572e2146944996149796af41c3d4be62,Asset,Master,shot,,,zax01,zax01_jamesp03,,,1,120374114.0,115 MB,,
2019-07-17,2019-07-15,2019-07-01,2019,project10,572e2146944996149796af41c3d4be62,Asset,Master,shot,,,zax01,zax01_jamesp03,,,1,749.0,749 bytes,,
2019-07-17,2019-07-15,2019-07-01,2019,project10,572e2146944996149796af41c3d4be62,Asset,Master,shot,,,zax01,zax01_jamesp03,,,1,5954823.0,5815 kB,,
2019-07-17,2019-07-15,2019-07-01,2019,project10,572e2146944996149796af41c3d4be62,Asset,Master,shot,,,zax01,zax01_jamesp03,,,1,345.0,345 bytes,,
2019-07-17,2019-07-15,2019-07-01,2019,project10,572e2146944996149796af41c3d4be62,Asset,Master,shot,,,zax01,zax01_jamesp03,,,1,8338.0,8338 bytes,,
2019-07-17,2019-07-15,2019-07-01,2019,project10,572e2146944996149796af41c3d4be62,Asset,Master,shot,,,zax01,zax01_jamesp03,,,1,347.0,347 bytes,,
2019-07-17,2019-07-15,2019-07-01,2019,project10,572e2146944996149796af41c3d4be62,Asset,Master,shot,,,zax01,zax01_jamesp03,,,1,674602.0,659 kB,,
2019-07-17,2019-07-15,2019-07-01,2019,project10,572e2146944996149796af41c3d4be62,Asset,Master,shot,,,zax01,zax01_jamesp03,,,1,347.0,347 bytes,,
2019-07-17,2019-07-15,2019-07-01,2019,project10,572e2146944996149796af41c3d4be62,Asset,Master,shot,,,zax01,zax01_jamesp03,,,1,677437.0,662 kB,,
2019-07-17,2019-07-15,2019-07-01,2019,project10,572e2146944996149796af41c3d4be62,Asset,Master,shot,,,zax01,zax01_jamesp03,,,1,347.0,347 bytes,,
2019-07-17,2019-07-15,2019-07-01,2019,project10,572e2146944996149796af41c3d4be62,Asset,Master,shot,,,zax01,zax01_jamesp03,,,1,229842.0,224 kB,,
2019-07-17,2019-07-15,2019-07-01,2019,project10,572e2146944996149796af41c3d4be62,Asset,Master,shot,,,zax01,zax01_jamesp03,,,1,2153.0,2153 bytes,,
2019-07-17,2019-07-15,2019-07-01,2019,project10,572e2146944996149796af41c3d4be62,Asset,Master,shot,,,zax01,zax01_jamesp03,,,1,2093.0,2093 bytes,,
2019-07-17,2019-07-15,2019-07-01,2019,project10,572e2146944996149796af41c3d4be62,Asset,Master,shot,,,zax01,zax01_jamesp03,,,1,2143.0,2143 bytes,,
2019-07-17,2019-07-15,2019-07-01,2019,project10,572e2146944996149796af41c3d4be62,Asset,Master,shot,,,zax01,zax01_jamesp03,,,1,2123.0,2123 bytes,,
2019-07-17,2019-07-15,2019-07-01,2019,project10,572e2146944996149796af41c3d4be62,Asset,Master,shot,,,zax01,zax01_jamesp03,,,1,2103.0,2103 bytes,,
2019-07-17,2019-07-15,2019-07-01,2019,project10,572e2146944996149796af41c3d4be62,Asset,Master,shot,,,zax01,zax01_jamesp03,,,1,2083.0,2083 bytes,,
2019-07-17,2019-07-15,2019-07-01,2019,project10,572e2146944996149796af41c3d4be62,Asset,Master,shot,,,zax01,zax01_jamesp03,,,1,2083.0,2083 bytes,,
2019-07-17,2019-07-15,2019-07-01,2019,project10,572e2146944996149796af41c3d4be62,Asset,Master,shot,,,zax01,zax01_jamesp03,,,1,2123.0,2123 bytes,,
2019-07-17,2019-07-15,2019-07-01,2019,project10,572e2146944996149796af41c3d4be62,Asset,Master,shot,,,zax01,zax01_jamesp03,,,1,2143.0,2143 bytes,,
2019-07-17,2019-07-15,2019-07-01,2019,project10,572e2146944996149796af41c3d4be62,Asset,Master,shot,,,zax01,zax01_jamesp03,,,1,2193.0,2193 bytes,,
2019-07-17,2019-07-15,2019-07-01,2019,project10,572e2146944996149796af41c3d4be62,Asset,Master,shot,,,zax01,zax01_jamesp03,,,1,2153.0,2153 bytes,,
2019-07-17,2019-07-15,2019-07-01,2019,project10,572e2146944996149796af41c3d4be62,Asset,Master,shot,,,zax01,zax01_jamesp03,,,1,2133.0,2133 bytes,,
2019-07-17,2019-07-15,2019-07-01,2019,project10,572e2146944996149796af41c3d4be62,Asset,Master,shot,,,zax01,zax01_jamesp03,,,1,2153.0,2153 bytes,,
2019-07-17,2019-07-15,2019-07-01,2019,project10,572e2146944996149796af41c3d4be62,Asset,Master,shot,,,zax01,zax01_jamesp03,,,1,2143.0,2143 bytes,,
2019-07-17,2019-07-15,2019-07-01,2019,project10,572e2146944996149796af41c3d4be62,Asset,Master,shot,,,zax01,zax01_jamesp03,,,2,802.0,802 bytes,,
2019-07-17,2019-07-15,2019-07-01,2019,project10,572e2146944996149796af41c3d4be62,Asset,Master,shot,,,zax01,zax01_jamesp03,,,2,370.0,370 bytes,,
2019-07-17,2019-07-15,2019-07-01,2019,project10,572e2146944996149796af41c3d4be62,Asset,Master,shot,,,zax01,zax01_jamesp03,,,1,248.0,248 bytes,,
2019-07-17,2019-07-15,2019-07-01,2019,project10,572e2146944996149796af41c3d4be62,Asset,Master,shot,,,zax01,zax01_jamesp03,,,1,247.0,247 bytes,,
2019-07-17,2019-07-15,2019-07-01,2019,project10,572e2146944996149796af41c3d4be62,Asset,Master,shot,,,zax01,zax01_jamesp03,,,1,243.0,243 bytes,,
2019-07-17,2019-07-15,2019-07-01,2019,project10,572e2146944996149796af41c3d4be62,Asset,Master,shot,,,zax01,zax01_jamesp03,,,1,249.0,249 bytes,,
2019-07-17,2019-07-15,2019-07-01,2019,project10,0e4b2f7a83201da9a029edcf37d5b0c4,Asset,Master,global,,,,,,,5,14750988.0,14 MB,,
2019-07-17,2019-07-15,2019-07-01,2019,project10,ae5ce0ea887429f77c1643705736b4d0,Asset,Master,global,,,,,,,1,664.0,664 bytes,,
2019-07-17,2019-07-15,2019-07-01,2019,project10,ae5ce0ea887429f77c1643705736b4d0,Asset,Master,global,,,,,,,1,5851.0,5851 bytes,,
2019-07-17,2019-07-15,2019-07-01,2019,project10,ae5ce0ea887429f77c1643705736b4d0,Asset,Master,global,,,,,,,1,5079808.0,4961 kB,,
2019-07-17,2019-07-15,2019-07-01,2019,project10,ae5ce0ea887429f77c1643705736b4d0,Asset,Master,global,,,,,,,1,196246439.0,187 MB,,
2019-07-17,2019-07-15,2019-07-01,2019,project10,ae5ce0ea887429f77c1643705736b4d0,Asset,Master,shot,,,zmt010,zmt010_superman_hub01,,,1,58408245.0,56 MB,,
2019-07-17,2019-07-15,2019-07-01,2019,project10,f14e818088059b87aaf4c1d614146295,Asset,Master,shot,,,zlt02,zlt02_010,,,3,2845310592.0,2713 MB,,
2019-07-17,2019-07-15,2019-07-01,2019,project10,e755fb01ffbec8c6894589058bb267e3,Asset,Master,global,,,,,,,1,961584.0,939 kB,,
2019-07-17,2019-07-15,2019-07-01,2019,project10,e755fb01ffbec8c6894589058bb267e3,Asset,Master,global,,,,,,,1,1925071.0,1880 kB,,
2019-07-17,2019-07-15,2019-07-01,2019,project10,8ae1b7947968eb9cec6a3aca1f788aa7,Asset,Master,global,,,,,,,1,1957531.0,1912 kB,,
2019-07-17,2019-07-15,2019-07-01,2019,project10,3485c7b0be8bfe136d8f4cccc787d262,Asset,Master,scene,,,zpv250,,,,1,1099085826.0,1048 MB,,
2019-07-17,2019-07-15,2019-07-01,2019,project10,3485c7b0be8bfe136d8f4cccc787d262,Asset,Master,scene,,,zpv260,,,,1,842753210.0,804 MB,,
2019-07-17,2019-07-15,2019-07-01,2019,project10,d539707009ed57d31f53015f062db181,Asset,Master,global,,,,,,,6,2098106.0,2049 kB,,
2019-07-17,2019-07-15,2019-07-01,2019,project10,a5d3c6e1baca05a94866d03ecfe14e48,Asset,Master,shot,,,zcx01,zcx01_training06,,,1,2807.0,2807 bytes,,
2019-07-17,2019-07-15,2019-07-01,2019,project10,a5d3c6e1baca05a94866d03ecfe14e48,Asset,Master,shot,,,zcx01,zcx01_training06,,,1,312.0,312 bytes,,
2019-07-17,2019-07-15,2019-07-01,2019,project10,a5d3c6e1baca05a94866d03ecfe14e48,Asset,Master,shot,,,zcx01,zcx01_training06,,,2,2894.0,2894 bytes,,
2019-07-17,2019-07-15,2019-07-01,2019,project10,a5d3c6e1baca05a94866d03ecfe14e48,Asset,Master,shot,,,zcx01,zcx01_training06,,,2,726.0,726 bytes,,
2019-07-17,2019-07-15,2019-07-01,2019,project10,a5d3c6e1baca05a94866d03ecfe14e48,Asset,Master,shot,,,zcx01,zcx01_training06,,,2,31252485304.0,29 GB,,
2019-07-17,2019-07-15,2019-07-01,2019,project10,a5d3c6e1baca05a94866d03ecfe14e48,Asset,Master,shot,,,zcx01,zcx01_training06,,,2,2223415.0,2171 kB,,
2019-07-17,2019-07-15,2019-07-01,2019,project10,a5d3c6e1baca05a94866d03ecfe14e48,Asset,Master,shot,,,zcx01,zcx01_training06,,,3,6667483.0,6511 kB,,
2019-07-17,2019-07-15,2019-07-01,2019,project10,a5d3c6e1baca05a94866d03ecfe14e48,Asset,Master,shot,,,zcx01,zcx01_training06,,,1,751.0,751 bytes,,
2019-07-17,2019-07-15,2019-07-01,2019,project10,a5d3c6e1baca05a94866d03ecfe14e48,Asset,Master,shot,,,zcx01,zcx01_training06,,,1,1040.0,1040 bytes,,
2019-07-17,2019-07-15,2019-07-01,2019,project10,a5d3c6e1baca05a94866d03ecfe14e48,Asset,Master,shot,,,zcx01,zcx01_training06,,,1,348.0,348 bytes,,
2019-07-17,2019-07-15,2019-07-01,2019,project10,a5d3c6e1baca05a94866d03ecfe14e48,Asset,Master,shot,,,zcx01,zcx01_training06,,,1,1064781.0,1040 kB,,
2019-07-17,2019-07-15,2019-07-01,2019,project10,a5d3c6e1baca05a94866d03ecfe14e48,Asset,Master,shot,,,zcx01,zcx01_training06,,,3,35379098.0,34 MB,,
2019-07-17,2019-07-15,2019-07-01,2019,project10,edc8dc88c6b2cc06ea3df90560feddf0,Asset,Master,global,,,,,,,4,25690819.0,25 MB,,
2019-07-17,2019-07-15,2019-07-01,2019,project10,d9546018c9cb4b8d0191ef95134619ee,Asset,Master,global,,,,,,,4,1436954426.0,1370 MB,,
2019-07-17,2019-07-15,2019-07-01,2019,project10,769d0dcdb028e13e42a54cbe315b7a7c,Asset,Master,shot,,,zmt010,zmt010_testchar_curly01,,,1,704.0,704 bytes,,
2019-07-17,2019-07-15,2019-07-01,2019,project10,769d0dcdb028e13e42a54cbe315b7a7c,Asset,Master,shot,,,zmt010,zmt010_testchar_curly01,,,1,362.0,362 bytes,,
2019-07-17,2019-07-15,2019-07-01,2019,project10,769d0dcdb028e13e42a54cbe315b7a7c,Asset,Master,shot,,,zmt010,zmt010_testchar_curly01,,,1,659.0,659 bytes,,
2019-07-17,2019-07-15,2019-07-01,2019,project10,769d0dcdb028e13e42a54cbe315b7a7c,Asset,Master,shot,,,zmt010,zmt010_testchar_curly01,,,1,392.0,392 bytes,,
2019-07-17,2019-07-15,2019-07-01,2019,project10,769d0dcdb028e13e42a54cbe315b7a7c,Asset,Master,shot,,,zmt010,zmt010_testchar_curly01,,,1,659.0,659 bytes,,
2019-07-17,2019-07-15,2019-07-01,2019,project10,769d0dcdb028e13e42a54cbe315b7a7c,Asset,Master,shot,,,zmt010,zmt010_testchar_curly01,,,1,440.0,440 bytes,,
2019-07-17,2019-07-15,2019-07-01,2019,project10,769d0dcdb028e13e42a54cbe315b7a7c,Asset,Master,shot,,,zmt010,zmt010_testpiece_tom01,,,2,1400.0,1400 bytes,,
2019-07-17,2019-07-15,2019-07-01,2019,project10,769d0dcdb028e13e42a54cbe315b7a7c,Asset,Master,shot,,,zmt010,zmt010_testpiece_tom01,,,2,720.0,720 bytes,,
2019-07-17,2019-07-15,2019-07-01,2019,project10,769d0dcdb028e13e42a54cbe315b7a7c,Asset,Master,shot,,,zmt010,zmt010_testpiece_tom01,,,2,1314.0,1314 bytes,,
2019-07-17,2019-07-15,2019-07-01,2019,project10,769d0dcdb028e13e42a54cbe315b7a7c,Asset,Master,shot,,,zmt010,zmt010_testpiece_tom01,,,2,782.0,782 bytes,,
2019-07-17,2019-07-15,2019-07-01,2019,project10,769d0dcdb028e13e42a54cbe315b7a7c,Asset,Master,shot,,,zmt010,zmt010_testpiece_tom01,,,2,1314.0,1314 bytes,,
2019-07-17,2019-07-15,2019-07-01,2019,project10,769d0dcdb028e13e42a54cbe315b7a7c,Asset,Master,shot,,,zmt010,zmt010_testpiece_tom01,,,2,880.0,880 bytes,,
2019-07-17,2019-07-15,2019-07-01,2019,project10,769d0dcdb028e13e42a54cbe315b7a7c,Asset,Master,shot,,,zmt010,zmt010_testpiece_tom02,,,1,700.0,700 bytes,,
2019-07-17,2019-07-15,2019-07-01,2019,project10,769d0dcdb028e13e42a54cbe315b7a7c,Asset,Master,shot,,,zmt010,zmt010_testpiece_tom02,,,1,360.0,360 bytes,,
2019-07-17,2019-07-15,2019-07-01,2019,project10,769d0dcdb028e13e42a54cbe315b7a7c,Asset,Master,shot,,,zmt010,zmt010_testpiece_tom02,,,1,657.0,657 bytes,,
2019-07-17,2019-07-15,2019-07-01,2019,project10,769d0dcdb028e13e42a54cbe315b7a7c,Asset,Master,shot,,,zmt010,zmt010_testpiece_tom02,,,1,391.0,391 bytes,,
2019-07-17,2019-07-15,2019-07-01,2019,project10,769d0dcdb028e13e42a54cbe315b7a7c,Asset,Master,shot,,,zmt010,zmt010_testpiece_tom02,,,1,657.0,657 bytes,,
2019-07-17,2019-07-15,2019-07-01,2019,project10,769d0dcdb028e13e42a54cbe315b7a7c,Asset,Master,shot,,,zmt010,zmt010_testpiece_tom02,,,1,440.0,440 bytes,,
2019-07-17,2019-07-15,2019-07-01,2019,project10,769d0dcdb028e13e42a54cbe315b7a7c,Asset,Master,shot,,,zmt010,zmt010_testpiece_tom03,,,1,700.0,700 bytes,,
2019-07-17,2019-07-15,2019-07-01,2019,project10,769d0dcdb028e13e42a54cbe315b7a7c,Asset,Master,shot,,,zmt010,zmt010_testpiece_tom03,,,1,360.0,360 bytes,,
2019-07-17,2019-07-15,2019-07-01,2019,project10,769d0dcdb028e13e42a54cbe315b7a7c,Asset,Master,shot,,,zmt010,zmt010_testpiece_tom03,,,1,657.0,657 bytes,,
2019-07-17,2019-07-15,2019-07-01,2019,project10,769d0dcdb028e13e42a54cbe315b7a7c,Asset,Master,shot,,,zmt010,zmt010_testpiece_tom03,,,1,391.0,391 bytes,,
2019-07-17,2019-07-15,2019-07-01,2019,project10,769d0dcdb028e13e42a54cbe315b7a7c,Asset,Master,shot,,,zmt010,zmt010_testpiece_tom03,,,1,657.0,657 bytes,,
2019-07-17,2019-07-15,2019-07-01,2019,project10,769d0dcdb028e13e42a54cbe315b7a7c,Asset,Master,shot,,,zmt010,zmt010_testpiece_tom03,,,1,440.0,440 bytes,,
2019-07-17,2019-07-15,2019-07-01,2019,project10,769d0dcdb028e13e42a54cbe315b7a7c,Asset,Master,shot,,,zrt010,zrt010_testchar_curly01,,,1,778.0,778 bytes,,
2019-07-17,2019-07-15,2019-07-01,2019,project10,769d0dcdb028e13e42a54cbe315b7a7c,Asset,Master,shot,,,zrt010,zrt010_testchar_curly01,,,1,744.0,744 bytes,,
2019-07-17,2019-07-15,2019-07-01,2019,project10,769d0dcdb028e13e42a54cbe315b7a7c,Asset,Master,shot,,,zrt010,zrt010_testchar_curly01,,,1,876.0,876 bytes,,
2019-07-17,2019-07-15,2019-07-01,2019,project10,769d0dcdb028e13e42a54cbe315b7a7c,Asset,Master,shot,,,zrt010,zrt010_testchar_curly01,,,1,33365.0,33 kB,,
2019-07-17,2019-07-15,2019-07-01,2019,project10,769d0dcdb028e13e42a54cbe315b7a7c,Asset,Master,shot,,,zrt010,zrt010_testchar_curly01,,,1,383.0,383 bytes,,
2019-07-17,2019-07-15,2019-07-01,2019,project10,769d0dcdb028e13e42a54cbe315b7a7c,Asset,Master,shot,,,zrt010,zrt010_testchar_curly01,,,1,1223.0,1223 bytes,,
2019-07-17,2019-07-15,2019-07-01,2019,project10,769d0dcdb028e13e42a54cbe315b7a7c,Asset,Master,shot,,,zrt010,zrt010_testchar_curly01,,,1,3417.0,3417 bytes,,
2019-07-17,2019-07-15,2019-07-01,2019,project10,769d0dcdb028e13e42a54cbe315b7a7c,Asset,Master,shot,,,zrt010,zrt010_testchar_curly01,,,1,364.0,364 bytes,,
2019-07-17,2019-07-15,2019-07-01,2019,project10,769d0dcdb028e13e42a54cbe315b7a7c,Asset,Master,shot,,,zrt010,zrt010_testchar_curly01,,,1,489.0,489 bytes,,
2019-07-17,2019-07-15,2019-07-01,2019,project10,769d0dcdb028e13e42a54cbe315b7a7c,Asset,Master,shot,,,zrt010,zrt010_testchar_curly01,,,1,1115.0,1115 bytes,,
2019-07-17,2019-07-15,2019-07-01,2019,project10,769d0dcdb028e13e42a54cbe315b7a7c,Asset,Master,shot,,,zrt010,zrt010_testchar_curly01,,,1,664.0,664 bytes,,
2019-07-17,2019-07-15,2019-07-01,2019,project10,769d0dcdb028e13e42a54cbe315b7a7c,Asset,Master,shot,,,zrt010,zrt010_testchar_curly01,,,1,347.0,347 bytes,,
2019-07-17,2019-07-15,2019-07-01,2019,project10,769d0dcdb028e13e42a54cbe315b7a7c,Asset,Master,shot,,,zrt010,zrt010_testchar_curly01,,,1,319.0,319 bytes,,
2019-07-17,2019-07-15,2019-07-01,2019,project10,769d0dcdb028e13e42a54cbe315b7a7c,Asset,Master,shot,,,zrt010,zrt010_testpiece_tom01,,,1,772.0,772 bytes,,
2019-07-17,2019-07-15,2019-07-01,2019,project10,769d0dcdb028e13e42a54cbe315b7a7c,Asset,Master,shot,,,zrt010,zrt010_testpiece_tom01,,,1,740.0,740 bytes,,
2019-07-17,2019-07-15,2019-07-01,2019,project10,769d0dcdb028e13e42a54cbe315b7a7c,Asset,Master,shot,,,zrt010,zrt010_testpiece_tom01,,,1,871.0,871 bytes,,
2019-07-17,2019-07-15,2019-07-01,2019,project10,769d0dcdb028e13e42a54cbe315b7a7c,Asset,Master,shot,,,zrt010,zrt010_testpiece_tom01,,,1,32578.0,32 kB,,
2019-07-17,2019-07-15,2019-07-01,2019,project10,769d0dcdb028e13e42a54cbe315b7a7c,Asset,Master,shot,,,zrt010,zrt010_testpiece_tom01,,,1,382.0,382 bytes,,
2019-07-17,2019-07-15,2019-07-01,2019,project10,769d0dcdb028e13e42a54cbe315b7a7c,Asset,Master,shot,,,zrt010,zrt010_testpiece_tom01,,,1,173.0,173 bytes,,
2019-07-17,2019-07-15,2019-07-01,2019,project10,769d0dcdb028e13e42a54cbe315b7a7c,Asset,Master,shot,,,zrt010,zrt010_testpiece_tom01,,,1,1219.0,1219 bytes,,
2019-07-17,2019-07-15,2019-07-01,2019,project10,769d0dcdb028e13e42a54cbe315b7a7c,Asset,Master,shot,,,zrt010,zrt010_testpiece_tom01,,,1,3383.0,3383 bytes,,
2019-07-17,2019-07-15,2019-07-01,2019,project10,769d0dcdb028e13e42a54cbe315b7a7c,Asset,Master,shot,,,zrt010,zrt010_testpiece_tom01,,,1,156.0,156 bytes,,
2019-07-17,2019-07-15,2019-07-01,2019,project10,769d0dcdb028e13e42a54cbe315b7a7c,Asset,Master,shot,,,zrt010,zrt010_testpiece_tom01,,,1,250.0,250 bytes,,
2019-07-17,2019-07-15,2019-07-01,2019,project10,769d0dcdb028e13e42a54cbe315b7a7c,Asset,Master,shot,,,zrt010,zrt010_testpiece_tom01,,,1,248.0,248 bytes,,
2019-07-17,2019-07-15,2019-07-01,2019,project10,769d0dcdb028e13e42a54cbe315b7a7c,Asset,Master,shot,,,zrt010,zrt010_testpiece_tom01,,,1,252.0,252 bytes,,
2019-07-17,2019-07-15,2019-07-01,2019,project10,769d0dcdb028e13e42a54cbe315b7a7c,Asset,Master,shot,,,zrt010,zrt010_testpiece_tom01,,,1,252.0,252 bytes,,
2019-07-17,2019-07-15,2019-07-01,2019,project10,769d0dcdb028e13e42a54cbe315b7a7c,Asset,Master,shot,,,zrt010,zrt010_testpiece_tom01,,,1,254.0,254 bytes,,
2019-07-17,2019-07-15,2019-07-01,2019,project10,769d0dcdb028e13e42a54cbe315b7a7c,Asset,Master,shot,,,zrt010,zrt010_testpiece_tom01,,,1,259.0,259 bytes,,
2019-07-17,2019-07-15,2019-07-01,2019,project10,769d0dcdb028e13e42a54cbe315b7a7c,Asset,Master,shot,,,zrt010,zrt010_testpiece_tom01,,,1,250.0,250 bytes,,
2019-07-17,2019-07-15,2019-07-01,2019,project10,769d0dcdb028e13e42a54cbe315b7a7c,Asset,Master,shot,,,zrt010,zrt010_testpiece_tom01,,,1,254.0,254 bytes,,
2019-07-17,2019-07-15,2019-07-01,2019,project10,769d0dcdb028e13e42a54cbe315b7a7c,Asset,Master,shot,,,zrt010,zrt010_testpiece_tom01,,,1,363.0,363 bytes,,
2019-07-17,2019-07-15,2019-07-01,2019,project10,769d0dcdb028e13e42a54cbe315b7a7c,Asset,Master,shot,,,zrt010,zrt010_testpiece_tom01,,,1,487.0,487 bytes,,
2019-07-17,2019-07-15,2019-07-01,2019,project10,769d0dcdb028e13e42a54cbe315b7a7c,Asset,Master,shot,,,zrt010,zrt010_testpiece_tom01,,,1,1110.0,1110 bytes,,
2019-07-17,2019-07-15,2019-07-01,2019,project10,769d0dcdb028e13e42a54cbe315b7a7c,Asset,Master,shot,,,zrt010,zrt010_testpiece_tom01,,,1,661.0,661 bytes,,
2019-07-17,2019-07-15,2019-07-01,2019,project10,769d0dcdb028e13e42a54cbe315b7a7c,Asset,Master,shot,,,zrt010,zrt010_testpiece_tom01,,,1,346.0,346 bytes,,
2019-07-17,2019-07-15,2019-07-01,2019,project10,769d0dcdb028e13e42a54cbe315b7a7c,Asset,Master,shot,,,zrt010,zrt010_testpiece_tom01,,,1,2243.0,2243 bytes,,
2019-07-17,2019-07-15,2019-07-01,2019,project10,769d0dcdb028e13e42a54cbe315b7a7c,Asset,Master,shot,,,zrt010,zrt010_testpiece_tom01,,,1,2183.0,2183 bytes,,
2019-07-17,2019-07-15,2019-07-01,2019,project10,769d0dcdb028e13e42a54cbe315b7a7c,Asset,Master,shot,,,zrt010,zrt010_testpiece_tom01,,,1,2233.0,2233 bytes,,
2019-07-17,2019-07-15,2019-07-01,2019,project10,769d0dcdb028e13e42a54cbe315b7a7c,Asset,Master,shot,,,zrt010,zrt010_testpiece_tom01,,,1,2213.0,2213 bytes,,
2019-07-17,2019-07-15,2019-07-01,2019,project10,769d0dcdb028e13e42a54cbe315b7a7c,Asset,Master,shot,,,zrt010,zrt010_testpiece_tom01,,,1,2193.0,2193 bytes,,
2019-07-17,2019-07-15,2019-07-01,2019,project10,769d0dcdb028e13e42a54cbe315b7a7c,Asset,Master,shot,,,zrt010,zrt010_testpiece_tom01,,,1,2173.0,2173 bytes,,
2019-07-17,2019-07-15,2019-07-01,2019,project10,769d0dcdb028e13e42a54cbe315b7a7c,Asset,Master,shot,,,zrt010,zrt010_testpiece_tom01,,,1,2173.0,2173 bytes,,
2019-07-17,2019-07-15,2019-07-01,2019,project10,769d0dcdb028e13e42a54cbe315b7a7c,Asset,Master,shot,,,zrt010,zrt010_testpiece_tom01,,,1,2213.0,2213 bytes,,
2019-07-17,2019-07-15,2019-07-01,2019,project10,769d0dcdb028e13e42a54cbe315b7a7c,Asset,Master,shot,,,zrt010,zrt010_testpiece_tom01,,,1,2233.0,2233 bytes,,
2019-07-17,2019-07-15,2019-07-01,2019,project10,769d0dcdb028e13e42a54cbe315b7a7c,Asset,Master,shot,,,zrt010,zrt010_testpiece_tom01,,,1,2283.0,2283 bytes,,
2019-07-17,2019-07-15,2019-07-01,2019,project10,769d0dcdb028e13e42a54cbe315b7a7c,Asset,Master,shot,,,zrt010,zrt010_testpiece_tom01,,,1,2243.0,2243 bytes,,
2019-07-17,2019-07-15,2019-07-01,2019,project10,769d0dcdb028e13e42a54cbe315b7a7c,Asset,Master,shot,,,zrt010,zrt010_testpiece_tom01,,,1,2223.0,2223 bytes,,
2019-07-17,2019-07-15,2019-07-01,2019,project10,769d0dcdb028e13e42a54cbe315b7a7c,Asset,Master,shot,,,zrt010,zrt010_testpiece_tom01,,,1,2243.0,2243 bytes,,
2019-07-17,2019-07-15,2019-07-01,2019,project10,769d0dcdb028e13e42a54cbe315b7a7c,Asset,Master,shot,,,zrt010,zrt010_testpiece_tom01,,,1,2233.0,2233 bytes,,
2019-07-17,2019-07-15,2019-07-01,2019,project10,769d0dcdb028e13e42a54cbe315b7a7c,Asset,Master,shot,,,zrt010,zrt010_testpiece_tom01,,,1,257.0,257 bytes,,
2019-07-17,2019-07-15,2019-07-01,2019,project10,769d0dcdb028e13e42a54cbe315b7a7c,Asset,Master,shot,,,zrt010,zrt010_testpiece_tom01,,,1,256.0,256 bytes,,
2019-07-17,2019-07-15,2019-07-01,2019,project10,769d0dcdb028e13e42a54cbe315b7a7c,Asset,Master,shot,,,zrt010,zrt010_testpiece_tom01,,,1,319.0,319 bytes,,
2019-07-17,2019-07-15,2019-07-01,2019,project10,769d0dcdb028e13e42a54cbe315b7a7c,Asset,Master,shot,,,zrt010,zrt010_testpiece_tom01,,,1,252.0,252 bytes,,
2019-07-17,2019-07-15,2019-07-01,2019,project10,769d0dcdb028e13e42a54cbe315b7a7c,Asset,Master,shot,,,zrt010,zrt010_testpiece_tom01,,,1,258.0,258 bytes,,
2019-07-17,2019-07-15,2019-07-01,2019,project10,769d0dcdb028e13e42a54cbe315b7a7c,Asset,Master,shot,,,zrt010,zrt010_testpiece_tom02,,,1,740.0,740 bytes,,
2019-07-17,2019-07-15,2019-07-01,2019,project10,769d0dcdb028e13e42a54cbe315b7a7c,Asset,Master,shot,,,zrt010,zrt010_testpiece_tom02,,,1,487.0,487 bytes,,
2019-07-17,2019-07-15,2019-07-01,2019,project10,769d0dcdb028e13e42a54cbe315b7a7c,Asset,Master,shot,,,zrt010,zrt010_testpiece_tom02,,,1,661.0,661 bytes,,
2019-07-17,2019-07-15,2019-07-01,2019,project10,769d0dcdb028e13e42a54cbe315b7a7c,Asset,Master,shot,,,zrt010,zrt010_testpiece_tom02,,,1,319.0,319 bytes,,
2019-07-17,2019-07-15,2019-07-01,2019,project10,769d0dcdb028e13e42a54cbe315b7a7c,Asset,Master,shot,,,zrt010,zrt010_testpiece_tom03,,,1,740.0,740 bytes,,
2019-07-17,2019-07-15,2019-07-01,2019,project10,769d0dcdb028e13e42a54cbe315b7a7c,Asset,Master,shot,,,zrt010,zrt010_testpiece_tom03,,,1,487.0,487 bytes,,
2019-07-17,2019-07-15,2019-07-01,2019,project10,769d0dcdb028e13e42a54cbe315b7a7c,Asset,Master,shot,,,zrt010,zrt010_testpiece_tom03,,,1,661.0,661 bytes,,
2019-07-17,2019-07-15,2019-07-01,2019,project10,769d0dcdb028e13e42a54cbe315b7a7c,Asset,Master,shot,,,zrt010,zrt010_testpiece_tom03,,,1,319.0,319 bytes,,
2019-07-17,2019-07-15,2019-07-01,2019,project10,769d0dcdb028e13e42a54cbe315b7a7c,Asset,Master,shot,,,zst010,zst010_testchar_curly01,,,1,704.0,704 bytes,,
2019-07-17,2019-07-15,2019-07-01,2019,project10,769d0dcdb028e13e42a54cbe315b7a7c,Asset,Master,shot,,,zst010,zst010_testchar_curly01,,,1,362.0,362 bytes,,
2019-07-17,2019-07-15,2019-07-01,2019,project10,769d0dcdb028e13e42a54cbe315b7a7c,Asset,Master,shot,,,zst010,zst010_testchar_curly01,,,1,659.0,659 bytes,,
2019-07-17,2019-07-15,2019-07-01,2019,project10,769d0dcdb028e13e42a54cbe315b7a7c,Asset,Master,shot,,,zst010,zst010_testchar_curly01,,,1,392.0,392 bytes,,
2019-07-17,2019-07-15,2019-07-01,2019,project10,769d0dcdb028e13e42a54cbe315b7a7c,Asset,Master,shot,,,zst010,zst010_testchar_curly01,,,1,659.0,659 bytes,,
2019-07-17,2019-07-15,2019-07-01,2019,project10,769d0dcdb028e13e42a54cbe315b7a7c,Asset,Master,shot,,,zst010,zst010_testchar_curly01,,,1,438.0,438 bytes,,
2019-07-17,2019-07-15,2019-07-01,2019,project10,769d0dcdb028e13e42a54cbe315b7a7c,Asset,Master,shot,,,zst010,zst010_testpiece_tom01,,,2,1400.0,1400 bytes,,
2019-07-17,2019-07-15,2019-07-01,2019,project10,769d0dcdb028e13e42a54cbe315b7a7c,Asset,Master,shot,,,zst010,zst010_testpiece_tom01,,,2,720.0,720 bytes,,
2019-07-17,2019-07-15,2019-07-01,2019,project10,769d0dcdb028e13e42a54cbe315b7a7c,Asset,Master,shot,,,zst010,zst010_testpiece_tom01,,,2,1314.0,1314 bytes,,
2019-07-17,2019-07-15,2019-07-01,2019,project10,769d0dcdb028e13e42a54cbe315b7a7c,Asset,Master,shot,,,zst010,zst010_testpiece_tom01,,,2,782.0,782 bytes,,
2019-07-17,2019-07-15,2019-07-01,2019,project10,769d0dcdb028e13e42a54cbe315b7a7c,Asset,Master,shot,,,zst010,zst010_testpiece_tom01,,,2,1314.0,1314 bytes,,
2019-07-17,2019-07-15,2019-07-01,2019,project10,769d0dcdb028e13e42a54cbe315b7a7c,Asset,Master,shot,,,zst010,zst010_testpiece_tom01,,,2,876.0,876 bytes,,
2019-07-17,2019-07-15,2019-07-01,2019,project10,769d0dcdb028e13e42a54cbe315b7a7c,Asset,Master,shot,,,zst010,zst010_testpiece_tom02,,,1,700.0,700 bytes,,
2019-07-17,2019-07-15,2019-07-01,2019,project10,769d0dcdb028e13e42a54cbe315b7a7c,Asset,Master,shot,,,zst010,zst010_testpiece_tom02,,,1,360.0,360 bytes,,
2019-07-17,2019-07-15,2019-07-01,2019,project10,769d0dcdb028e13e42a54cbe315b7a7c,Asset,Master,shot,,,zst010,zst010_testpiece_tom02,,,1,657.0,657 bytes,,
2019-07-17,2019-07-15,2019-07-01,2019,project10,769d0dcdb028e13e42a54cbe315b7a7c,Asset,Master,shot,,,zst010,zst010_testpiece_tom02,,,1,391.0,391 bytes,,
2019-07-17,2019-07-15,2019-07-01,2019,project10,769d0dcdb028e13e42a54cbe315b7a7c,Asset,Master,shot,,,zst010,zst010_testpiece_tom02,,,1,657.0,657 bytes,,
2019-07-17,2019-07-15,2019-07-01,2019,project10,769d0dcdb028e13e42a54cbe315b7a7c,Asset,Master,shot,,,zst010,zst010_testpiece_tom02,,,1,438.0,438 bytes,,
2019-07-17,2019-07-15,2019-07-01,2019,project10,769d0dcdb028e13e42a54cbe315b7a7c,Asset,Master,shot,,,zst010,zst010_testpiece_tom03,,,1,700.0,700 bytes,,
2019-07-17,2019-07-15,2019-07-01,2019,project10,769d0dcdb028e13e42a54cbe315b7a7c,Asset,Master,shot,,,zst010,zst010_testpiece_tom03,,,1,360.0,360 bytes,,
2019-07-17,2019-07-15,2019-07-01,2019,project10,769d0dcdb028e13e42a54cbe315b7a7c,Asset,Master,shot,,,zst010,zst010_testpiece_tom03,,,1,657.0,657 bytes,,
2019-07-17,2019-07-15,2019-07-01,2019,project10,769d0dcdb028e13e42a54cbe315b7a7c,Asset,Master,shot,,,zst010,zst010_testpiece_tom03,,,1,391.0,391 bytes,,
2019-07-17,2019-07-15,2019-07-01,2019,project10,769d0dcdb028e13e42a54cbe315b7a7c,Asset,Master,shot,,,zst010,zst010_testpiece_tom03,,,1,657.0,657 bytes,,
2019-07-17,2019-07-15,2019-07-01,2019,project10,769d0dcdb028e13e42a54cbe315b7a7c,Asset,Master,shot,,,zst010,zst010_testpiece_tom03,,,1,438.0,438 bytes,,
2019-07-17,2019-07-15,2019-07-01,2019,project10,cffb9bbb2c1ad6483208410c4918f7d5,Asset,Master,global,,,,,,,1,417407717.0,398 MB,,
2019-07-17,2019-07-15,2019-07-01,2019,project10,2461e2f11dd0376f38bce8f41a795858,Asset,Master,global,,,,,,,1,6394077.0,6244 kB,,
2019-07-17,2019-07-15,2019-07-01,2019,project10,2461e2f11dd0376f38bce8f41a795858,Asset,Master,global,,,,,,,1,26882725.0,26 MB,,
2019-07-17,2019-07-15,2019-07-01,2019,project10,2461e2f11dd0376f38bce8f41a795858,Asset,Master,global,,,,,,,1,7744727.0,7563 kB,,
2019-07-17,2019-07-15,2019-07-01,2019,project10,2461e2f11dd0376f38bce8f41a795858,Asset,Master,global,,,,,,,1,4032035.0,3938 kB,,
2019-07-17,2019-07-15,2019-07-01,2019,project10,fc9ed5f8a39402fae2716c1509d05f27,Asset,Master,global,,,,,,,1,91579078.0,87 MB,,
2019-07-17,2019-07-15,2019-07-01,2019,project10,b4e2e1bf60be20c36219dbad8a855b0c,Asset,Master,global,,,,,,,6,17118.0,17 kB,,
2019-07-17,2019-07-15,2019-07-01,2019,project10,b4e2e1bf60be20c36219dbad8a855b0c,Asset,Master,global,,,,,,,1,371.0,371 bytes,,
2019-07-17,2019-07-15,2019-07-01,2019,project10,b4e2e1bf60be20c36219dbad8a855b0c,Asset,Master,global,,,,,,,1,497502.0,486 kB,,
2019-07-17,2019-07-15,2019-07-01,2019,project10,b4e2e1bf60be20c36219dbad8a855b0c,Asset,Master,global,,,,,,,1,145741683.0,139 MB,,
2019-07-17,2019-07-15,2019-07-01,2019,project10,b4e2e1bf60be20c36219dbad8a855b0c,Asset,Master,global,,,,,,,1,174818.0,171 kB,,
2019-07-17,2019-07-15,2019-07-01,2019,project10,b4e2e1bf60be20c36219dbad8a855b0c,Asset,Master,global,,,,,,,1,373.0,373 bytes,,
2019-07-17,2019-07-15,2019-07-01,2019,project10,b4e2e1bf60be20c36219dbad8a855b0c,Asset,Master,global,,,,,,,1,499173.0,487 kB,,
2019-07-17,2019-07-15,2019-07-01,2019,project10,b4e2e1bf60be20c36219dbad8a855b0c,Asset,Master,global,,,,,,,1,173404491.0,165 MB,,
2019-07-17,2019-07-15,2019-07-01,2019,project10,b4e2e1bf60be20c36219dbad8a855b0c,Asset,Master,global,,,,,,,1,174818.0,171 kB,,
2019-07-17,2019-07-15,2019-07-01,2019,project10,b4e2e1bf60be20c36219dbad8a855b0c,Asset,Master,global,,,,,,,1,486.0,486 bytes,,
2019-07-17,2019-07-15,2019-07-01,2019,project10,b4e2e1bf60be20c36219dbad8a855b0c,Asset,Master,global,,,,,,,1,730269.0,713 kB,,
2019-07-17,2019-07-15,2019-07-01,2019,project10,b4e2e1bf60be20c36219dbad8a855b0c,Asset,Master,global,,,,,,,1,11605920.0,11 MB,,
2019-07-17,2019-07-15,2019-07-01,2019,project10,b4e2e1bf60be20c36219dbad8a855b0c,Asset,Master,global,,,,,,,1,371.0,371 bytes,,
2019-07-17,2019-07-15,2019-07-01,2019,project10,b4e2e1bf60be20c36219dbad8a855b0c,Asset,Master,global,,,,,,,1,73276.0,72 kB,,
2019-07-17,2019-07-15,2019-07-01,2019,project10,b4e2e1bf60be20c36219dbad8a855b0c,Asset,Master,global,,,,,,,1,373.0,373 bytes,,
2019-07-17,2019-07-15,2019-07-01,2019,project10,b4e2e1bf60be20c36219dbad8a855b0c,Asset,Master,global,,,,,,,1,73261.0,72 kB,,
2019-07-17,2019-07-15,2019-07-01,2019,project10,b4e2e1bf60be20c36219dbad8a855b0c,Asset,Master,global,,,,,,,1,372.0,372 bytes,,
2019-07-17,2019-07-15,2019-07-01,2019,project10,b4e2e1bf60be20c36219dbad8a855b0c,Asset,Master,global,,,,,,,1,73526.0,72 kB,,
2019-07-17,2019-07-15,2019-07-01,2019,project10,b4e2e1bf60be20c36219dbad8a855b0c,Asset,Master,shot,,,zst010,zst010_cat_hat01,,,4,1533722917.0,1463 MB,,
